### TEST: FLOAT_INT
0 99629
1 50045
2 50126
3 49861
4 50337
5 49971
6 50046
7 50164
8 50233
9 49586
10 24
286 25
287 49951
288 49361
289 50063
290 49900
291 50350
292 50332
293 50104
294 49697
295 50195
### TEST: FLOAT_BITS
0 1385
1 778
2 882
3 793
4 992
5 784
6 812
7 806
8 1017
9 509
10 835
11 681
12 836
13 555
14 691
15 667
16 1548
17 1210
18 1443
19 1083
20 1446
21 1130
22 1380
23 1115
24 1213
25 847
26 865
27 1004
28 914
29 838
30 885
31 943
32 1561
33 881
34 1135
35 905
36 1299
37 1013
38 1112
39 906
40 1238
41 827
42 888
43 759
44 1084
45 820
46 796
47 782
48 1016
49 523
50 804
51 661
52 861
53 552
54 646
55 676
56 1611
57 1262
58 1341
59 1043
60 1567
61 1209
62 1323
63 1212
64 1279
65 834
66 1054
67 907
68 1001
69 821
70 955
71 981
72 1459
73 862
74 1139
75 979
76 1257
77 1016
78 1120
79 1000
80 1274
81 865
82 855
83 755
84 1106
85 825
86 850
87 792
88 975
89 578
90 811
91 696
92 786
93 497
94 800
95 590
96 1749
97 1265
98 1286
99 1102
100 1506
101 1237
102 1339
103 1124
104 1217
105 850
106 952
107 898
108 1114
109 766
110 829
111 936
112 1447
113 942
114 1112
115 989
116 1260
117 995
118 1111
119 1001
120 1183
121 799
122 839
123 707
124 1074
125 878
126 893
127 811
128 891
129 607
130 765
131 710
132 877
133 448
134 764
135 654
136 1480
137 1276
138 1407
139 992
140 1412
141 1216
142 1390
143 1176
144 1304
145 778
146 959
147 924
148 1020
149 801
150 824
151 929
152 1595
153 792
154 1095
155 925
156 1256
157 1073
158 1127
159 955
160 1126
161 783
162 930
163 782
164 1113
165 931
166 877
167 798
168 1147
169 518
170 784
171 648
172 883
173 491
174 787
175 614
176 1572
177 1309
178 1398
179 1079
180 1432
181 1182
182 1364
183 1175
184 1237
185 847
186 903
187 957
188 977
189 785
190 853
191 926
192 1571
193 922
194 1167
195 970
196 1258
197 1018
198 1122
199 952
200 1216
201 820
202 958
203 724
204 1025
205 890
206 850
207 761
208 1040
209 510
210 833
211 643
212 845
213 513
214 739
215 737
216 1644
217 1217
218 1319
219 1026
220 1456
221 1235
222 1373
223 1133
224 1310
225 868
226 922
227 978
228 912
229 771
230 1041
231 977
232 1461
233 885
234 1172
235 940
236 1306
237 951
238 1137
239 965
240 1226
241 878
242 861
243 702
244 1085
245 884
246 815
247 873
248 987
249 545
250 804
251 674
252 760
253 504
254 767
255 665
256 1590
257 1296
258 1366
259 1108
260 1428
261 1206
262 1376
263 1140
264 1348
265 802
266 983
267 945
268 1033
269 717
270 949
271 962
272 1564
273 876
274 1113
275 946
276 1210
277 1049
278 1092
279 899
280 1278
281 885
282 837
283 658
284 1126
285 846
286 845
287 840
288 1128
289 561
290 771
291 694
292 867
293 481
294 855
295 655
296 1446
297 1284
298 1422
299 1034
300 1409
301 1273
302 1441
303 1142
304 1299
305 811
306 944
307 984
308 1073
309 817
310 938
311 926
312 1452
313 895
314 1223
315 896
316 1250
317 1032
318 1219
319 976
320 1341
321 828
322 845
323 770
324 1040
325 785
326 818
327 790
328 1099
329 512
330 749
331 719
332 866
333 488
334 664
335 681
336 1528
337 1293
338 1354
339 1035
340 1549
341 1195
342 1359
343 1207
344 1286
345 802
346 1007
347 1047
348 979
349 791
350 852
351 860
352 1545
353 859
354 1188
355 931
356 1207
357 1021
358 1076
359 974
360 1268
361 815
362 957
363 813
364 1051
365 809
366 846
367 876
368 963
369 530
370 869
371 646
372 842
373 598
374 729
375 683
376 1465
377 1288
378 1424
379 1073
380 1519
381 1154
382 1467
383 1222
384 1299
385 865
386 986
387 990
388 989
389 794
390 891
391 940
392 1497
393 943
394 1171
395 936
396 1255
397 1047
398 1128
399 956
400 1223
401 875
402 843
403 770
404 1062
405 824
406 859
407 841
408 1019
409 586
410 867
411 641
412 777
413 493
414 705
415 638
416 1570
417 1218
418 1385
419 1059
420 1464
421 1264
422 1253
423 1150
424 1193
425 855
426 965
427 911
428 1100
429 783
430 924
431 919
432 1481
433 885
434 1108
435 931
436 1285
437 1026
438 1049
439 958
440 1264
441 871
442 890
443 751
444 1059
445 791
446 842
447 790
448 1086
449 589
450 810
451 709
452 802
453 532
454 807
455 649
456 1546
457 1307
458 1362
459 1044
460 1465
461 1218
462 1366
463 1159
464 1202
465 834
466 947
467 1007
468 967
469 781
470 870
471 969
472 1592
473 792
474 1118
475 963
476 1244
477 978
478 1122
479 944
480 1327
481 806
482 861
483 762
484 1106
485 829
486 830
487 752
488 959
489 539
490 810
491 568
492 840
493 552
494 712
495 764
496 1609
497 1268
498 1307
499 977
500 1501
501 1178
502 1301
503 1138
504 1243
505 865
506 924
507 1041
508 920
509 773
510 946
511 897
512 1582
513 888
514 1119
515 961
516 1207
517 1025
518 1197
519 972
520 1275
521 878
522 901
523 710
524 1069
525 864
526 818
527 763
528 1066
529 498
530 863
531 530
532 849
533 512
534 754
535 731
536 1440
537 1249
538 1364
539 1071
540 1502
541 1198
542 1367
543 1120
544 1223
545 874
546 1005
547 965
548 1018
549 809
550 923
551 925
552 1512
553 957
554 1097
555 1002
556 1234
557 1050
558 1035
559 983
560 1330
561 901
562 821
563 722
564 1149
565 824
566 850
567 739
568 1006
569 538
570 815
571 632
572 833
573 517
574 740
575 690
576 1645
577 1280
578 1392
579 999
580 1447
581 1206
582 1344
583 1149
584 1256
585 853
586 867
587 971
588 919
589 756
590 936
591 969
592 1428
593 853
594 1130
595 941
596 1316
597 946
598 1148
599 951
600 1192
601 866
602 859
603 771
604 1116
605 795
606 832
607 811
608 1003
609 539
610 780
611 668
612 780
613 439
614 738
615 659
616 1465
617 1291
618 1336
619 1086
620 1459
621 1208
622 1406
623 1045
624 1278
625 811
626 1007
627 979
628 1033
629 783
630 957
631 900
632 1471
633 933
634 1201
635 939
636 1206
637 1046
638 1110
639 935
640 1320
641 839
642 876
643 706
644 1076
645 858
646 846
647 802
648 1000
649 512
650 905
651 690
652 815
653 472
654 760
655 635
656 1480
657 1230
658 1357
659 1029
660 1553
661 1198
662 1373
663 1110
664 1273
665 824
666 890
667 1060
668 888
669 789
670 955
671 876
672 1513
673 920
674 1132
675 905
676 1314
677 1073
678 1139
679 989
680 1234
681 788
682 892
683 741
684 1105
685 864
686 763
687 838
688 949
689 532
690 865
691 619
692 858
693 538
694 718
695 686
696 1518
697 1326
698 1481
699 1049
700 1471
701 1249
702 1281
703 1177
704 1267
705 869
706 964
707 958
708 1060
709 792
710 859
711 914
712 1540
713 908
714 1024
715 1013
716 1296
717 1071
718 1007
719 952
720 1249
721 859
722 847
723 794
724 1114
725 791
726 832
727 813
728 1081
729 532
730 782
731 638
732 796
733 509
734 832
735 627
736 1693
737 1224
738 1383
739 1011
740 1564
741 1315
742 1371
743 1095
744 1190
745 895
746 1008
747 944
748 954
749 773
750 855
751 967
752 1414
753 924
754 1033
755 873
756 1422
757 968
758 1159
759 1004
760 1221
761 881
762 848
763 801
764 1029
765 813
766 839
767 759
768 968
769 632
770 837
771 672
772 770
773 534
774 693
775 611
776 1519
777 1304
778 1241
779 1148
780 1417
781 1297
782 1388
783 1129
784 1279
785 812
786 938
787 929
788 1046
789 770
790 896
791 921
792 1576
793 930
794 1125
795 992
796 1212
797 1008
798 1171
799 968
800 1183
801 811
802 882
803 729
804 1093
805 852
806 886
807 826
808 1060
809 555
810 808
811 651
812 897
813 503
814 801
815 645
816 1503
817 1254
818 1241
819 1055
820 1638
821 1267
822 1408
823 1101
824 1324
825 854
826 935
827 1014
828 1039
829 812
830 863
831 869
832 1561
833 885
834 1214
835 946
836 1294
837 1022
838 1103
839 930
840 1335
841 781
842 935
843 775
844 1060
845 840
846 849
847 830
848 966
849 541
850 835
851 622
852 796
853 506
854 674
855 698
856 1572
857 1252
858 1366
859 1062
860 1415
861 1189
862 1388
863 1128
864 1276
865 913
866 925
867 973
868 956
869 735
870 967
871 849
872 1702
873 792
874 1113
875 976
876 1316
877 985
878 1177
879 927
880 1171
881 843
882 835
883 721
884 1127
885 839
886 813
887 835
888 1073
889 483
890 774
891 633
892 793
893 495
894 735
895 680
896 1500
897 1222
898 1389
899 1002
900 1604
901 1185
902 1267
903 1083
904 1309
905 789
906 1012
907 903
908 1033
909 753
910 928
911 960
912 1522
913 853
914 1242
915 911
916 1213
917 1103
918 1072
919 973
920 1213
921 860
922 837
923 712
924 1168
925 780
926 853
927 757
928 1017
929 535
930 817
931 647
932 879
933 499
934 778
935 645
936 1620
937 1187
938 1326
939 1132
940 1464
941 1188
942 1273
943 1133
944 1367
945 853
946 938
947 916
948 993
949 786
950 1003
951 863
952 1487
953 898
954 1213
955 921
956 1279
957 1035
958 1179
959 907
960 1356
961 849
962 824
963 687
964 1093
965 872
966 863
967 848
968 936
969 539
970 867
971 717
972 813
973 395
974 769
975 616
976 1551
977 1321
978 1353
979 1003
980 1500
981 1137
982 1313
983 1105
984 1300
985 801
986 912
987 1002
988 1086
989 761
990 864
991 938
992 1562
993 913
994 1217
995 908
996 1161
997 1126
998 1059
999 921
### TEST: FLOAT_EXP
115 69
116 52
117 57
118 188
119 449
120 785
121 1537
122 3050
123 6388
124 12485
125 24932
126 49637
127 100240
128 199788
129 401163
130 199180
### TEST: FLOAT_MANTISSA
0 3304
1 262
2 810
3 231
4 1107
5 160
6 432
7 142
8 3622
9 204
10 1322
11 288
12 1892
13 401
14 1311
15 179
16 3809
17 310
18 566
19 172
20 1528
21 271
22 1140
23 345
24 4067
25 208
26 545
27 284
28 2246
29 189
30 1144
31 294
32 3039
33 232
34 866
35 128
36 2063
37 167
38 483
39 113
40 3574
41 232
42 761
43 273
44 1224
45 149
46 398
47 188
48 3677
49 200
50 1253
51 294
52 2040
53 315
54 1277
55 216
56 3973
57 251
58 615
59 191
60 1533
61 301
62 1124
63 289
64 4149
65 132
66 578
67 283
68 1980
69 212
70 1101
71 350
72 3024
73 201
74 937
75 154
76 1877
77 181
78 459
79 134
80 3585
81 166
82 880
83 260
84 1211
85 191
86 352
87 184
88 3525
89 204
90 1320
91 371
92 1919
93 296
94 1332
95 220
96 3904
97 308
98 506
99 224
100 1489
101 377
102 1099
103 303
104 4015
105 194
106 573
107 224
108 2167
109 134
110 1249
111 248
112 3078
113 244
114 914
115 175
116 1863
117 194
118 371
119 178
120 3527
121 233
122 879
123 205
124 1165
125 149
126 428
127 191
128 3606
129 249
130 1268
131 384
132 1847
133 388
134 1238
135 235
136 3742
137 236
138 629
139 141
140 1497
141 304
142 1150
143 271
144 3980
145 216
146 527
147 317
148 2076
149 232
150 1003
151 273
152 3237
153 211
154 912
155 150
156 1938
157 154
158 372
159 122
160 3516
161 262
162 875
163 241
164 1185
165 170
166 386
167 138
168 3700
169 143
170 1360
171 284
172 1959
173 316
174 1340
175 196
176 3714
177 307
178 580
179 232
180 1578
181 279
182 1159
183 334
184 4122
185 188
186 532
187 287
188 2061
189 182
190 1080
191 300
192 3154
193 193
194 945
195 158
196 1835
197 159
198 414
199 134
200 3683
201 205
202 820
203 250
204 1149
205 123
206 396
207 143
208 3768
209 188
210 1248
211 298
212 1984
213 303
214 1379
215 184
216 3798
217 290
218 541
219 239
220 1532
221 347
222 1076
223 295
224 4157
225 169
226 560
227 250
228 2056
229 179
230 1185
231 320
232 3097
233 253
234 927
235 135
236 1890
237 145
238 448
239 180
240 3510
241 205
242 954
243 212
244 1084
245 175
246 368
247 249
248 3457
249 252
250 1276
251 294
252 1986
253 311
254 1333
255 227
256 3750
257 238
258 565
259 243
260 1428
261 363
262 1109
263 324
264 4237
265 202
266 539
267 219
268 2095
269 183
270 1185
271 265
272 2973
273 238
274 901
275 131
276 1833
277 231
278 388
279 186
280 3395
281 259
282 828
283 223
284 1255
285 113
286 457
287 135
288 3705
289 193
290 1294
291 332
292 1920
293 329
294 1341
295 187
296 3984
297 262
298 547
299 187
300 1587
301 274
302 1116
303 283
304 4238
305 217
306 443
307 345
308 2152
309 215
310 1175
311 293
312 3210
313 242
314 933
315 129
316 1905
317 127
318 357
319 149
320 3633
321 216
322 837
323 250
324 1202
325 153
326 380
327 187
328 3503
329 169
330 1312
331 299
332 1887
333 350
334 1339
335 191
336 3925
337 276
338 571
339 209
340 1607
341 341
342 1184
343 310
344 4122
345 142
346 493
347 292
348 2118
349 176
350 1129
351 360
352 3024
353 217
354 938
355 144
356 1799
357 169
358 463
359 150
360 3267
361 221
362 857
363 291
364 1188
365 138
366 376
367 213
368 3575
369 205
370 1332
371 314
372 2039
373 284
374 1329
375 180
376 3812
377 354
378 488
379 240
380 1519
381 355
382 1054
383 318
384 4239
385 207
386 546
387 239
388 2118
389 152
390 1222
391 275
392 3108
393 245
394 901
395 155
396 1817
397 198
398 399
399 156
400 3467
401 274
402 857
403 199
404 1205
405 155
406 375
407 208
408 3726
409 259
410 1314
411 334
412 1971
413 320
414 1268
415 208
416 3732
417 230
418 600
419 153
420 1600
421 306
422 1085
423 344
424 4061
425 159
426 542
427 296
428 2036
429 221
430 1014
431 286
432 3090
433 230
434 935
435 162
436 1943
437 187
438 333
439 148
440 3679
441 268
442 880
443 288
444 1110
445 137
446 410
447 149
448 3808
449 144
450 1302
451 314
452 1976
453 291
454 1348
455 213
456 3636
457 269
458 584
459 219
460 1544
461 264
462 1191
463 331
464 4025
465 173
466 507
467 319
468 2088
469 171
470 1218
471 311
472 3150
473 270
474 984
475 185
476 1804
477 148
478 427
479 120
480 3582
481 207
482 841
483 211
484 1133
485 162
486 363
487 178
488 3724
489 209
490 1329
491 325
492 1936
493 395
494 1341
495 221
496 3803
497 271
498 568
499 200
500 1404
501 342
502 1086
503 264
504 4197
505 196
506 534
507 269
508 1987
509 242
510 1140
511 376
512 3027
513 264
514 907
515 133
516 1868
517 149
518 416
519 129
520 3402
521 196
522 884
523 207
524 1147
525 172
526 337
527 228
528 3752
529 252
530 1321
531 348
532 1841
533 318
534 1397
535 198
536 3716
537 274
538 514
539 186
540 1530
541 379
542 1126
543 317
544 4196
545 193
546 492
547 207
548 2229
549 151
550 1190
551 301
552 3183
553 207
554 857
555 158
556 1839
557 231
558 367
559 184
560 3398
561 229
562 884
563 220
564 1128
565 151
566 446
567 160
568 3530
569 185
570 1261
571 363
572 2001
573 342
574 1381
575 213
576 3791
577 201
578 601
579 182
580 1660
581 279
582 1143
583 283
584 4007
585 199
586 495
587 337
588 2126
589 206
590 1155
591 338
592 3111
593 184
594 968
595 150
596 1867
597 118
598 384
599 147
600 3561
601 236
602 886
603 244
604 1132
605 138
606 389
607 172
608 3641
609 193
610 1367
611 311
612 1885
613 334
614 1262
615 228
616 3660
617 318
618 624
619 224
620 1491
621 283
622 1199
623 274
624 4050
625 167
626 514
627 280
628 2069
629 205
630 1197
631 279
632 3031
633 240
634 937
635 145
636 1938
637 146
638 372
639 115
640 3544
641 201
642 868
643 290
644 1206
645 114
646 397
647 141
648 3835
649 225
650 1327
651 387
652 2049
653 337
654 1194
655 189
656 3759
657 337
658 575
659 253
660 1572
661 349
662 989
663 304
664 4213
665 193
666 576
667 241
668 2063
669 151
670 1131
671 311
672 3200
673 254
674 870
675 109
676 1867
677 183
678 402
679 184
680 3492
681 265
682 887
683 225
684 1183
685 139
686 325
687 203
688 3712
689 265
690 1244
691 369
692 1826
693 349
694 1345
695 162
696 3958
697 233
698 587
699 166
700 1567
701 274
702 1100
703 329
704 4011
705 194
706 500
707 290
708 2061
709 183
710 1143
711 248
712 3143
713 220
714 973
715 147
716 1837
717 215
718 351
719 144
720 3559
721 226
722 914
723 252
724 1179
725 149
726 429
727 174
728 3754
729 166
730 1400
731 296
732 1875
733 354
734 1329
735 191
736 3959
737 321
738 639
739 210
740 1495
741 290
742 1187
743 342
744 4141
745 217
746 555
747 292
748 2062
749 195
750 1146
751 272
752 3204
753 274
754 829
755 163
756 1837
757 156
758 418
759 140
760 3431
761 244
762 856
763 167
764 1191
765 136
766 417
767 209
768 3666
769 229
770 1200
771 243
772 1972
773 361
774 1291
775 234
776 3698
777 262
778 594
779 175
780 1429
781 315
782 1032
783 297
784 4233
785 181
786 532
787 269
788 2070
789 223
790 1152
791 363
792 3134
793 224
794 867
795 153
796 1803
797 178
798 424
799 116
800 3430
801 215
802 835
803 275
804 1129
805 173
806 366
807 202
808 3536
809 217
810 1196
811 361
812 2031
813 319
814 1356
815 196
816 3857
817 253
818 470
819 254
820 1447
821 345
822 1116
823 391
824 4136
825 164
826 565
827 228
828 2190
829 146
830 1198
831 251
832 3222
833 236
834 888
835 172
836 1850
837 232
838 368
839 185
840 3367
841 219
842 907
843 215
844 1179
845 154
846 441
847 159
848 3415
849 177
850 1378
851 355
852 2051
853 367
854 1351
855 218
856 3837
857 234
858 701
859 146
860 1599
861 262
862 1161
863 315
864 4049
865 215
866 505
867 327
868 2123
869 211
870 1212
871 238
872 3066
873 190
874 919
875 155
876 1879
877 166
878 375
879 148
880 3339
881 276
882 908
883 263
884 1227
885 185
886 412
887 144
888 3656
889 186
890 1494
891 308
892 1928
893 316
894 1336
895 190
896 3668
897 298
898 595
899 242
900 1485
901 309
902 1173
903 317
904 3967
905 176
906 538
907 280
908 2213
909 213
910 1162
911 256
912 3133
913 232
914 980
915 157
916 1908
917 191
918 367
919 115
920 3481
921 214
922 878
923 252
924 1159
925 137
926 358
927 149
928 3798
929 203
930 1215
931 307
932 2023
933 277
934 1285
935 237
936 3916
937 297
938 548
939 252
940 1540
941 317
942 1079
943 305
944 4187
945 181
946 522
947 258
948 2141
949 199
950 1127
951 333
952 3128
953 266
954 902
955 121
956 1908
957 122
958 417
959 196
960 3475
961 237
962 844
963 235
964 1118
965 153
966 351
967 244
968 3550
969 245
970 1250
971 374
972 1825
973 302
974 1269
975 218
976 3798
977 257
978 588
979 197
980 1531
981 367
982 1142
983 296
984 4108
985 192
986 516
987 245
988 2107
989 180
990 1185
991 250
992 3122
993 218
994 876
995 163
996 1803
997 270
998 378
999 193
### TEST: FLOAT_EXP_MANTIS
0 31777
1 120
2 235
3 197
4 975
5 85
6 648
7 174
8 4136
9 198
10 1421
11 134
12 960
13 96
14 282
15 86
16 4605
17 211
18 529
19 249
20 4118
21 82
22 234
23 95
24 3869
25 53
26 508
27 188
28 805
29 239
30 1641
31 59
32 3506
33 136
34 265
35 97
36 748
37 248
38 550
39 218
40 7561
41 64
42 318
43 124
44 975
45 79
46 645
47 199
48 4077
49 155
50 1508
51 56
52 963
53 109
54 236
55 89
56 4646
57 180
58 485
59 187
60 2971
61 50
62 308
63 130
64 3831
65 78
66 464
67 199
68 904
69 140
70 1338
71 96
72 3645
73 180
74 206
75 84
76 725
77 202
78 638
79 173
80 7023
81 90
82 312
83 167
84 889
85 75
86 587
87 162
88 4015
89 148
90 1379
91 104
92 990
93 145
94 228
95 97
96 4218
97 165
98 534
99 192
100 5342
101 81
102 212
103 151
104 3883
105 92
106 486
107 161
108 917
109 193
110 1248
111 131
112 3874
113 166
114 240
115 98
116 741
117 165
118 631
119 187
120 7215
121 130
122 258
123 195
124 975
125 94
126 590
127 185
128 3894
129 210
130 1465
131 127
132 1047
133 131
134 281
135 85
136 4465
137 209
138 489
139 241
140 3052
141 102
142 235
143 126
144 3703
145 74
146 483
147 227
148 844
149 224
150 1280
151 98
152 3740
153 132
154 301
155 108
156 724
157 267
158 509
159 231
160 6427
161 100
162 290
163 116
164 961
165 127
166 616
167 258
168 4102
169 184
170 1767
171 90
172 955
173 97
174 242
175 120
176 4386
177 210
178 478
179 195
180 3065
181 55
182 286
183 116
184 3773
185 92
186 452
187 183
188 873
189 184
190 1419
191 92
192 3887
193 190
194 201
195 89
196 697
197 196
198 614
199 146
200 7339
201 103
202 310
203 186
204 950
205 85
206 553
207 156
208 4154
209 151
210 1401
211 96
212 926
213 143
214 261
215 94
216 4438
217 168
218 561
219 203
220 4234
221 88
222 220
223 135
224 3830
225 92
226 428
227 164
228 902
229 188
230 1524
231 124
232 3606
233 167
234 235
235 81
236 736
237 217
238 586
239 205
240 7757
241 117
242 270
243 204
244 958
245 87
246 572
247 195
248 4031
249 204
250 1380
251 119
252 960
253 118
254 280
255 100
256 4573
257 207
258 425
259 248
260 2915
261 81
262 236
263 132
264 3905
265 56
266 393
267 213
268 772
269 238
270 1341
271 99
272 3559
273 174
274 256
275 134
276 657
277 250
278 489
279 222
280 7221
281 110
282 266
283 144
284 893
285 123
286 511
287 209
288 3984
289 171
290 1477
291 93
292 971
293 124
294 266
295 126
296 4595
297 158
298 452
299 204
300 5336
301 59
302 239
303 113
304 3749
305 101
306 426
307 161
308 796
309 212
310 1279
311 90
312 3491
313 162
314 208
315 77
316 661
317 182
318 554
319 159
320 7147
321 78
322 258
323 155
324 928
325 80
326 593
327 171
328 3963
329 150
330 1426
331 99
332 909
333 130
334 244
335 102
336 4446
337 144
338 469
339 185
340 2977
341 102
342 249
343 137
344 3806
345 106
346 411
347 141
348 815
349 142
350 1121
351 127
352 3613
353 151
354 228
355 103
356 667
357 193
358 538
359 128
360 6194
361 123
362 267
363 183
364 833
365 86
366 511
367 179
368 3810
369 168
370 1583
371 123
372 876
373 123
374 221
375 88
376 4299
377 203
378 473
379 183
380 2928
381 101
382 207
383 125
384 3746
385 53
386 372
387 175
388 730
389 192
390 1283
391 91
392 3615
393 142
394 216
395 110
396 650
397 222
398 467
399 156
400 6927
401 80
402 250
403 143
404 887
405 82
406 495
407 179
408 3834
409 158
410 1346
411 113
412 931
413 94
414 223
415 92
416 4429
417 129
418 399
419 157
420 4093
421 67
422 196
423 94
424 3792
425 60
426 427
427 108
428 702
429 155
430 1591
431 57
432 3584
433 120
434 185
435 70
436 638
437 169
438 490
439 166
440 7742
441 65
442 244
443 120
444 937
445 64
446 603
447 152
448 3997
449 139
450 1382
451 52
452 888
453 92
454 208
455 71
456 4433
457 167
458 422
459 173
460 2936
461 57
462 233
463 107
464 3547
465 68
466 401
467 138
468 773
469 165
470 1145
471 94
472 3591
473 156
474 184
475 72
476 617
477 184
478 564
479 140
480 7216
481 84
482 287
483 162
484 904
485 103
486 565
487 195
488 4078
489 160
490 1382
491 85
492 924
493 165
494 187
495 91
496 4523
497 148
498 491
499 217
500 5050
501 64
502 189
503 148
504 3764
505 57
506 449
507 158
508 811
509 198
510 1241
511 84
512 3538
513 189
514 232
515 96
516 650
517 190
518 509
519 134
520 6999
521 82
522 204
523 152
524 976
525 86
526 579
527 197
528 4078
529 183
530 1453
531 68
532 808
533 86
534 266
535 94
536 4670
537 157
538 452
539 204
540 3039
541 56
542 250
543 79
544 3902
545 62
546 496
547 208
548 746
549 218
550 1250
551 60
552 3622
553 117
554 264
555 91
556 712
557 236
558 508
559 195
560 6231
561 68
562 334
563 127
564 917
565 96
566 618
567 215
568 4119
569 167
570 1718
571 58
572 911
573 121
574 251
575 88
576 4492
577 195
578 451
579 176
580 3134
581 59
582 258
583 123
584 3919
585 86
586 476
587 207
588 814
589 159
590 1401
591 132
592 3658
593 189
594 219
595 117
596 671
597 270
598 554
599 172
600 7029
601 120
602 286
603 199
604 913
605 125
606 600
607 220
608 4028
609 180
610 1402
611 114
612 972
613 196
614 195
615 139
616 4410
617 125
618 533
619 230
620 4084
621 92
622 213
623 151
624 3806
625 85
626 482
627 153
628 823
629 228
630 1712
631 117
632 3641
633 211
634 205
635 94
636 756
637 187
638 571
639 171
640 7850
641 123
642 259
643 170
644 1052
645 85
646 585
647 184
648 4094
649 213
650 1487
651 131
652 879
653 92
654 315
655 81
656 4503
657 171
658 515
659 245
660 2945
661 103
662 278
663 88
664 3974
665 68
666 524
667 192
668 829
669 244
670 1339
671 68
672 3701
673 122
674 297
675 106
676 769
677 273
678 549
679 215
680 7414
681 67
682 368
683 126
684 935
685 87
686 661
687 226
688 4047
689 143
690 1470
691 57
692 977
693 118
694 242
695 95
696 4489
697 219
698 489
699 156
700 5406
701 54
702 306
703 116
704 3811
705 94
706 481
707 230
708 875
709 157
710 1402
711 132
712 3670
713 185
714 213
715 117
716 684
717 247
718 624
719 134
720 7014
721 128
722 319
723 219
724 973
725 120
726 642
727 209
728 4045
729 218
730 1369
731 119
732 993
733 171
734 221
735 87
736 4495
737 141
738 506
739 222
740 3010
741 97
742 206
743 173
744 3828
745 83
746 518
747 149
748 880
749 215
750 1207
751 117
752 3729
753 201
754 219
755 110
756 715
757 197
758 566
759 196
760 6217
761 128
762 233
763 174
764 969
765 79
766 619
767 190
768 3960
769 221
770 1639
771 122
772 895
773 84
774 291
775 89
776 4721
777 179
778 506
779 239
780 2928
781 99
782 270
783 101
784 3874
785 61
786 505
787 189
788 886
789 257
790 1355
791 52
792 3569
793 127
794 262
795 90
796 780
797 233
798 518
799 212
800 7090
801 44
802 344
803 131
804 984
805 93
806 655
807 216
808 4019
809 154
810 1562
811 49
812 1043
813 124
814 242
815 100
816 4589
817 220
818 502
819 192
820 4322
821 68
822 286
823 116
824 3706
825 74
826 434
827 221
828 866
829 154
830 1770
831 112
832 3750
833 179
834 213
835 128
836 740
837 221
838 592
839 133
840 7498
841 119
842 294
843 199
844 946
845 113
846 580
847 221
848 4066
849 188
850 1398
851 137
852 960
853 177
854 200
855 130
856 4479
857 165
858 520
859 242
860 3108
861 104
862 220
863 193
864 3795
865 99
866 482
867 146
868 901
869 211
870 1236
871 117
872 3742
873 212
874 218
875 90
876 732
877 202
878 563
879 182
880 7141
881 128
882 260
883 191
884 1031
885 86
886 666
887 169
888 4035
889 216
890 1455
891 113
892 963
893 71
894 306
895 101
896 4599
897 141
898 516
899 273
900 5289
901 93
902 312
903 88
904 3873
905 62
906 525
907 181
908 955
909 259
910 1294
911 63
912 3861
913 132
914 267
915 87
916 704
917 213
918 526
919 224
920 7385
921 58
922 306
923 130
924 942
925 80
926 626
927 205
928 4052
929 140
930 1488
931 53
932 973
933 119
934 244
935 89
936 4484
937 234
938 496
939 177
940 3138
941 56
942 273
943 140
944 3929
945 90
946 432
947 225
948 836
949 150
950 1348
951 98
952 3576
953 163
954 217
955 123
956 740
957 239
958 594
959 142
960 6129
961 99
962 302
963 200
964 928
965 127
966 580
967 226
968 4217
969 189
970 1701
971 123
972 1009
973 171
974 210
975 119
976 4627
977 156
978 536
979 252
980 3063
981 93
982 225
983 168
984 3699
985 81
986 503
987 130
988 916
989 218
990 1338
991 117
992 3592
993 204
994 239
995 94
996 731
997 183
998 566
999 188
