### TEST: UNSIGNED_BITS
0 1176
1 1290
2 1211
3 1168
4 1190
5 1213
6 1188
7 1160
8 1225
9 1260
10 1251
11 1195
12 1228
13 1249
14 1175
15 1213
16 1227
17 1229
18 1289
19 1223
20 1213
21 1205
22 1170
23 1252
24 1232
25 1260
26 1244
27 1226
28 1237
29 1193
30 1146
31 1262
32 1249
33 1242
34 1218
35 1217
36 1190
37 1207
38 1204
39 1287
40 1207
41 1254
42 1224
43 1259
44 1179
45 1215
46 1234
47 1207
48 1262
49 1249
50 1208
51 1260
52 1204
53 1201
54 1213
55 1230
56 1213
57 1230
58 1216
59 1233
60 1282
61 1239
62 1214
63 1135
64 1185
65 1269
66 1195
67 1279
68 1208
69 1242
70 1249
71 1192
72 1216
73 1268
74 1202
75 1170
76 1154
77 1244
78 1151
79 1205
80 1272
81 1166
82 1238
83 1230
84 1254
85 1243
86 1272
87 1236
88 1257
89 1307
90 1187
91 1151
92 1195
93 1261
94 1251
95 1221
96 988
97 977
98 1002
99 988
100 991
101 924
102 1012
103 919
104 1024
105 968
106 966
107 957
108 1002
109 971
110 943
111 916
112 984
113 946
114 958
115 937
116 1059
117 959
118 963
119 997
120 1003
121 985
122 980
123 955
124 947
125 968
126 1002
127 993
128 971
129 989
130 1012
131 946
132 990
133 1004
134 966
135 929
136 979
137 975
138 978
139 955
140 988
141 961
142 924
143 928
144 995
145 1032
146 976
147 955
148 1038
149 974
150 959
151 936
152 963
153 975
154 918
155 988
156 945
157 917
158 976
159 956
160 973
161 962
162 948
163 963
164 993
165 976
166 981
167 917
168 976
169 965
170 928
171 1007
172 950
173 1012
174 988
175 984
176 971
177 1020
178 967
179 976
180 1014
181 1018
182 965
183 1050
184 993
185 967
186 993
187 957
188 975
189 992
190 978
191 943
192 977
193 998
194 1015
195 1011
196 975
197 972
198 968
199 967
200 973
201 957
202 981
203 971
204 1012
205 1006
206 967
207 953
208 961
209 970
210 971
211 948
212 992
213 988
214 1029
215 924
216 1009
217 981
218 978
219 1003
220 926
221 1009
222 928
223 978
224 957
225 921
226 972
227 1001
228 978
229 933
230 975
231 1011
232 931
233 988
234 970
235 991
236 986
237 926
238 958
239 947
240 956
241 988
242 1019
243 938
244 964
245 980
246 936
247 965
248 987
249 1035
250 945
251 993
252 1032
253 997
254 987
255 925
256 931
257 982
258 968
259 987
260 1052
261 997
262 991
263 915
264 1005
265 905
266 960
267 953
268 1033
269 955
270 913
271 940
272 1046
273 925
274 1016
275 978
276 953
277 955
278 946
279 945
280 962
281 991
282 940
283 936
284 946
285 986
286 976
287 1025
288 935
289 984
290 927
291 978
292 957
293 1011
294 990
295 962
296 971
297 991
298 1025
299 1013
300 965
301 970
302 1020
303 951
304 982
305 928
306 992
307 969
308 963
309 970
310 961
311 935
312 982
313 965
314 945
315 992
316 965
317 970
318 1004
319 1027
320 948
321 982
322 998
323 920
324 956
325 972
326 992
327 947
328 1024
329 1016
330 947
331 947
332 947
333 925
334 963
335 927
336 936
337 1023
338 988
339 972
340 921
341 921
342 913
343 1017
344 970
345 996
346 974
347 967
348 986
349 1044
350 960
351 1014
352 952
353 1040
354 974
355 976
356 1025
357 1001
358 1007
359 986
360 953
361 925
362 987
363 991
364 1019
365 972
366 923
367 960
368 1006
369 998
370 961
371 1035
372 985
373 935
374 932
375 1042
376 906
377 987
378 1020
379 954
380 1026
381 1021
382 964
383 1027
384 1016
385 993
386 943
387 1006
388 1001
389 900
390 979
391 947
392 927
393 960
394 984
395 964
396 995
397 996
398 978
399 938
400 988
401 982
402 967
403 1006
404 915
405 961
406 996
407 883
408 989
409 943
410 971
411 1039
412 934
413 986
414 980
415 1085
416 965
417 1011
418 969
419 1019
420 1022
421 1027
422 988
423 978
424 965
425 1005
426 937
427 901
428 1017
429 968
430 955
431 1005
432 908
433 973
434 921
435 964
436 958
437 940
438 975
439 1028
440 1006
441 967
442 969
443 952
444 1025
445 964
446 989
447 987
448 1018
449 941
450 986
451 982
452 921
453 922
454 1053
455 964
456 979
457 975
458 963
459 979
460 969
461 981
462 984
463 948
464 976
465 971
466 1013
467 979
468 972
469 1032
470 973
471 941
472 976
473 1006
474 981
475 946
476 998
477 979
478 980
479 994
480 968
481 975
482 1049
483 972
484 980
485 1036
486 992
487 968
488 993
489 945
490 991
491 983
492 971
493 976
494 1006
495 981
496 1016
497 959
498 952
499 985
500 958
501 928
502 978
503 1013
504 1001
505 992
506 1013
507 918
508 990
509 959
510 957
511 967
512 952
513 966
514 1001
515 968
516 947
517 1001
518 935
519 1019
520 940
521 928
522 1020
523 970
524 1029
525 941
526 1063
527 1012
528 926
529 1007
530 950
531 922
532 987
533 993
534 987
535 994
536 991
537 997
538 989
539 1034
540 936
541 948
542 940
543 961
544 986
545 969
546 916
547 970
548 983
549 939
550 1013
551 943
552 982
553 945
554 979
555 982
556 969
557 948
558 964
559 950
560 986
561 931
562 1005
563 916
564 989
565 962
566 973
567 1008
568 1027
569 1005
570 1061
571 957
572 969
573 975
574 977
575 958
576 976
577 936
578 995
579 979
580 1003
581 950
582 983
583 966
584 923
585 981
586 1020
587 945
588 980
589 970
590 1021
591 976
592 949
593 966
594 879
595 949
596 1002
597 980
598 960
599 985
600 949
601 940
602 1001
603 982
604 964
605 991
606 980
607 1039
608 967
609 955
610 994
611 954
612 952
613 978
614 981
615 1032
616 1031
617 980
618 989
619 991
620 984
621 937
622 1011
623 969
624 974
625 1004
626 950
627 978
628 953
629 981
630 1033
631 1008
632 938
633 978
634 956
635 938
636 1006
637 913
638 983
639 987
640 988
641 978
642 947
643 964
644 956
645 954
646 1004
647 1029
648 971
649 1012
650 988
651 928
652 1044
653 985
654 959
655 1012
656 1009
657 966
658 950
659 986
660 955
661 952
662 988
663 995
664 953
665 997
666 1038
667 948
668 1018
669 993
670 958
671 997
672 1003
673 994
674 1005
675 982
676 976
677 955
678 909
679 1012
680 929
681 952
682 999
683 978
684 992
685 940
686 983
687 1000
688 945
689 976
690 956
691 932
692 945
693 1010
694 1006
695 938
696 955
697 960
698 1063
699 1008
700 1008
701 975
702 990
703 948
704 993
705 977
706 954
707 969
708 940
709 1006
710 924
711 999
712 972
713 976
714 966
715 956
716 949
717 967
718 984
719 966
720 1022
721 1008
722 964
723 1058
724 975
725 971
726 1010
727 995
728 978
729 960
730 976
731 936
732 1006
733 957
734 981
735 964
736 936
737 994
738 927
739 1019
740 995
741 928
742 953
743 994
744 975
745 1007
746 936
747 1013
748 987
749 980
750 969
751 954
752 992
753 1008
754 1030
755 969
756 974
757 1029
758 971
759 979
760 941
761 986
762 954
763 1035
764 966
765 975
766 982
767 1035
768 941
769 985
770 999
771 1021
772 994
773 970
774 984
775 974
776 1015
777 1029
778 928
779 955
780 940
781 956
782 1025
783 1009
784 954
785 997
786 966
787 968
788 977
789 1003
790 1027
791 974
792 1040
793 969
794 961
795 977
796 982
797 1006
798 1025
799 946
800 934
801 981
802 944
803 917
804 994
805 953
806 969
807 975
808 980
809 978
810 993
811 1003
812 953
813 963
814 947
815 984
816 989
817 985
818 1016
819 983
820 986
821 997
822 953
823 1025
824 981
825 994
826 989
827 945
828 925
829 983
830 973
831 965
832 1001
833 1020
834 987
835 961
836 973
837 936
838 947
839 988
840 994
841 999
842 954
843 956
844 963
845 965
846 987
847 958
848 970
849 936
850 1007
851 937
852 949
853 966
854 996
855 947
856 950
857 979
858 985
859 1025
860 992
861 1015
862 963
863 986
864 1018
865 993
866 991
867 1031
868 970
869 993
870 1008
871 943
872 965
873 989
874 998
875 1028
876 977
877 1008
878 954
879 957
880 964
881 997
882 966
883 959
884 961
885 948
886 923
887 935
888 937
889 989
890 1053
891 1015
892 949
893 991
894 939
895 1007
896 936
897 1032
898 966
899 1004
900 1000
901 951
902 951
903 988
904 983
905 983
906 992
907 991
908 1034
909 977
910 1043
911 1006
912 956
913 923
914 933
915 987
916 1001
917 998
918 960
919 962
920 1005
921 966
922 979
923 975
924 991
925 987
926 936
927 959
928 972
929 982
930 1006
931 938
932 997
933 1020
934 984
935 1000
936 963
937 1035
938 945
939 983
940 974
941 975
942 955
943 1004
944 973
945 1032
946 975
947 972
948 951
949 961
950 967
951 977
952 996
953 978
954 958
955 914
956 905
957 942
958 993
959 1004
960 949
961 916
962 983
963 940
964 1006
965 960
966 1011
967 999
968 978
969 984
970 964
971 958
972 988
973 963
974 952
975 963
976 1002
977 1017
978 984
979 1017
980 1001
981 1001
982 976
983 990
984 987
985 966
986 1000
987 937
988 999
989 978
990 962
991 959
992 992
993 978
994 975
995 991
996 940
997 977
998 1005
999 964
### TEST: UNSIGNED_REMAIND
0 970
1 980
2 1062
3 1030
4 1021
5 989
6 959
7 1079
8 1054
9 959
10 1038
11 973
12 964
13 1018
14 974
15 1020
16 964
17 1068
18 998
19 970
20 1052
21 1071
22 1008
23 1048
24 987
25 1003
26 1058
27 1026
28 969
29 979
30 1000
31 1062
32 1018
33 995
34 981
35 1031
36 983
37 1058
38 1001
39 1022
40 1010
41 1039
42 964
43 1023
44 1028
45 1049
46 1014
47 1007
48 988
49 1017
50 1063
51 998
52 986
53 1004
54 1012
55 1010
56 1023
57 986
58 959
59 1052
60 918
61 1037
62 1001
63 971
64 1031
65 1062
66 1020
67 982
68 1008
69 955
70 1007
71 1057
72 1028
73 1012
74 1013
75 1014
76 1030
77 982
78 991
79 1014
80 975
81 991
82 1001
83 986
84 980
85 1058
86 1019
87 999
88 1022
89 961
90 1038
91 1010
92 941
93 1028
94 976
95 1020
96 934
97 969
98 1081
99 990
100 998
101 976
102 1000
103 1006
104 974
105 1063
106 985
107 989
108 983
109 1055
110 991
111 1024
112 1008
113 951
114 1051
115 979
116 1000
117 1007
118 993
119 989
120 1048
121 972
122 1027
123 948
124 1049
125 1038
126 970
127 1017
128 981
129 1008
130 988
131 962
132 1047
133 966
134 1019
135 1046
136 1002
137 990
138 1000
139 962
140 961
141 1003
142 1001
143 1046
144 1048
145 1007
146 978
147 988
148 1011
149 1006
150 1038
151 965
152 985
153 1010
154 1046
155 1030
156 992
157 997
158 1004
159 992
160 1014
161 963
162 1024
163 1021
164 1032
165 1029
166 938
167 1001
168 955
169 987
170 1025
171 988
172 1019
173 1018
174 984
175 1029
176 1059
177 1071
178 1004
179 1018
180 996
181 1003
182 1050
183 1041
184 965
185 1067
186 1031
187 965
188 1053
189 995
190 1003
191 991
192 1016
193 1112
194 1002
195 1026
196 1002
197 1030
198 984
199 1017
200 1038
201 1051
202 1027
203 1007
204 998
205 992
206 1012
207 963
208 1010
209 974
210 1053
211 969
212 1041
213 967
214 1035
215 1023
216 1018
217 970
218 997
219 1069
220 976
221 1035
222 1059
223 1023
224 983
225 974
226 1048
227 949
228 1027
229 1047
230 952
231 1011
232 1007
233 927
234 1014
235 1016
236 911
237 982
238 1035
239 983
240 981
241 924
242 964
243 1042
244 1069
245 988
246 990
247 984
248 1017
249 990
250 1022
251 1029
252 1018
253 983
254 988
255 1026
256 1019
257 980
258 1004
259 992
260 1018
261 998
262 965
263 982
264 1042
265 1001
266 985
267 1052
268 1017
269 976
270 1052
271 1004
272 917
273 1037
274 993
275 1021
276 966
277 1021
278 1017
279 995
280 1006
281 1038
282 937
283 1032
284 1022
285 1015
286 1086
287 1000
288 951
289 1026
290 1042
291 956
292 1009
293 1058
294 1041
295 999
296 996
297 972
298 1012
299 979
300 989
301 988
302 1033
303 1054
304 1060
305 1019
306 971
307 960
308 994
309 947
310 1048
311 973
312 1040
313 989
314 1013
315 1013
316 1078
317 1011
318 1017
319 1006
320 999
321 1037
322 1067
323 985
324 1003
325 1002
326 1052
327 997
328 1011
329 1016
330 1034
331 1001
332 1048
333 1033
334 993
335 1003
336 1031
337 994
338 1020
339 992
340 1043
341 995
342 978
343 982
344 1033
345 992
346 996
347 1043
348 1036
349 970
350 1059
351 994
352 1081
353 947
354 1032
355 994
356 997
357 993
358 1020
359 991
360 1063
361 1044
362 971
363 1005
364 987
365 1012
366 959
367 995
368 997
369 1024
370 954
371 1064
372 998
373 1011
374 1018
375 1034
376 1049
377 1000
378 1015
379 1022
380 956
381 1037
382 1021
383 994
384 1044
385 1065
386 989
387 1012
388 1005
389 1034
390 1022
391 1083
392 989
393 1030
394 1074
395 990
396 939
397 981
398 1033
399 1060
400 1072
401 980
402 1004
403 1001
404 1010
405 1012
406 1015
407 984
408 1036
409 955
410 981
411 954
412 946
413 1034
414 1028
415 1040
416 982
417 998
418 961
419 1006
420 981
421 1033
422 1011
423 1013
424 1031
425 1027
426 991
427 967
428 963
429 991
430 914
431 995
432 968
433 1005
434 1070
435 979
436 980
437 1040
438 1100
439 964
440 977
441 1023
442 981
443 1026
444 1008
445 1039
446 925
447 1018
448 1042
449 997
450 1013
451 977
452 1032
453 985
454 1017
455 993
456 1029
457 988
458 991
459 971
460 999
461 987
462 966
463 1060
464 1002
465 1061
466 972
467 962
468 1076
469 1001
470 1042
471 1028
472 1005
473 974
474 1011
475 1004
476 926
477 1074
478 1037
479 990
480 987
481 996
482 973
483 1008
484 1063
485 1009
486 1041
487 1016
488 995
489 1022
490 931
491 1023
492 1009
493 979
494 1010
495 1036
496 1028
497 986
498 1010
499 1039
500 1000
501 993
502 1042
503 988
504 1003
505 980
506 989
507 950
508 976
509 979
510 1002
511 940
512 1021
513 955
514 1026
515 1013
516 1041
517 992
518 964
519 1033
520 1040
521 971
522 1002
523 1045
524 1031
525 976
526 1000
527 1056
528 1007
529 988
530 1008
531 968
532 999
533 1009
534 976
535 984
536 1031
537 981
538 1023
539 1042
540 1033
541 999
542 952
543 1027
544 988
545 1085
546 1062
547 1037
548 1061
549 972
550 991
551 1023
552 1010
553 1074
554 1033
555 1034
556 1010
557 1066
558 1018
559 1031
560 1011
561 1058
562 992
563 1097
564 1004
565 998
566 1003
567 1026
568 1000
569 1063
570 1001
571 1046
572 949
573 974
574 1032
575 957
576 969
577 980
578 998
579 972
580 1016
581 1059
582 1017
583 1016
584 1055
585 993
586 1012
587 1038
588 1045
589 1036
590 975
591 1034
592 1043
593 983
594 968
595 969
596 1050
597 1028
598 999
599 953
600 1036
601 1011
602 1036
603 938
604 1019
605 1029
606 967
607 992
608 986
609 993
610 1052
611 978
612 968
613 1014
614 1022
615 989
616 994
617 958
618 1034
619 1004
620 1018
621 994
622 987
623 971
624 1046
625 991
626 1010
627 985
628 948
629 965
630 996
631 973
632 1024
633 1053
634 1033
635 1046
636 990
637 1028
638 1022
639 1003
640 1028
641 993
642 1009
643 1054
644 985
645 954
646 1007
647 1026
648 1046
649 1024
650 966
651 982
652 966
653 951
654 963
655 935
656 938
657 948
658 997
659 971
660 1041
661 1051
662 1038
663 1024
664 974
665 977
666 998
667 1044
668 975
669 1021
670 1014
671 995
672 1022
673 988
674 1053
675 1007
676 990
677 1042
678 1001
679 983
680 968
681 1015
682 992
683 1061
684 990
685 968
686 1006
687 925
688 965
689 1048
690 973
691 981
692 982
693 1061
694 1032
695 1003
696 1009
697 1018
698 959
699 975
700 1002
701 1045
702 1006
703 1057
704 1016
705 1048
706 1010
707 982
708 1015
709 948
710 963
711 1042
712 1028
713 1071
714 1011
715 1004
716 985
717 1034
718 1070
719 1011
720 1008
721 974
722 988
723 1011
724 997
725 972
726 1007
727 977
728 1010
729 941
730 1014
731 1006
732 1006
733 1016
734 1035
735 1001
736 1005
737 966
738 1003
739 1077
740 1047
741 956
742 963
743 920
744 1012
745 1074
746 1037
747 994
748 1003
749 964
750 1017
751 1011
752 1006
753 981
754 971
755 1011
756 1035
757 1002
758 1065
759 977
760 973
761 994
762 996
763 1019
764 1039
765 967
766 1028
767 1000
768 971
769 987
770 963
771 950
772 1070
773 927
774 1005
775 994
776 941
777 1008
778 960
779 950
780 980
781 968
782 938
783 993
784 982
785 989
786 1005
787 928
788 1041
789 1031
790 945
791 1002
792 923
793 986
794 1015
795 1019
796 953
797 1002
798 965
799 955
800 921
801 977
802 966
803 999
804 961
805 931
806 963
807 990
808 962
809 997
810 916
811 975
812 991
813 983
814 967
815 1006
816 958
817 968
818 1015
819 982
820 1031
821 999
822 988
823 965
824 927
825 963
826 916
827 1056
828 989
829 980
830 1014
831 982
832 988
833 952
834 961
835 1028
836 976
837 997
838 946
839 1014
840 954
841 1002
842 940
843 1006
844 983
845 958
846 1030
847 929
848 980
849 995
850 923
851 1019
852 1031
853 953
854 971
855 972
856 981
857 980
858 1045
859 986
860 1016
861 1023
862 964
863 943
864 943
865 1018
866 960
867 991
868 1071
869 949
870 960
871 976
872 1020
873 972
874 971
875 1010
876 939
877 1008
878 1008
879 927
880 970
881 998
882 995
883 977
884 989
885 976
886 947
887 987
888 893
889 921
890 1003
891 976
892 914
893 1005
894 1011
895 1001
896 982
897 940
898 969
899 941
900 997
901 969
902 985
903 928
904 970
905 994
906 950
907 1010
908 942
909 943
910 982
911 987
912 1015
913 1048
914 931
915 963
916 1002
917 991
918 957
919 958
920 952
921 990
922 1005
923 988
924 950
925 928
926 1022
927 1003
928 974
929 1002
930 1004
931 945
932 1023
933 971
934 1006
935 937
936 1017
937 980
938 958
939 1013
940 951
941 990
942 992
943 964
944 965
945 980
946 1009
947 1023
948 970
949 921
950 934
951 1012
952 923
953 916
954 989
955 1013
956 999
957 1034
958 1012
959 1013
960 1018
961 936
962 981
963 998
964 991
965 1011
966 972
967 1008
968 998
969 926
970 983
971 983
972 971
973 920
974 968
975 979
976 994
977 986
978 959
979 1004
980 990
981 991
982 972
983 959
984 988
985 989
986 1002
987 945
988 937
989 997
990 929
991 992
992 994
993 966
994 1008
995 970
996 948
997 967
998 986
999 976
### TEST: UNSIGNED_KNUTH
0 1022
1 987
2 948
3 1010
4 1018
5 978
6 966
7 976
8 926
9 983
10 996
11 981
12 1000
13 1017
14 934
15 1068
16 986
17 915
18 1094
19 953
20 1027
21 986
22 958
23 998
24 975
25 951
26 1005
27 1073
28 975
29 1020
30 1065
31 971
32 1023
33 1005
34 940
35 1018
36 945
37 1037
38 1024
39 915
40 1011
41 987
42 1044
43 948
44 1004
45 1098
46 957
47 987
48 949
49 991
50 1033
51 924
52 1013
53 1010
54 994
55 1010
56 991
57 1026
58 1026
59 952
60 968
61 1067
62 1027
63 967
64 1034
65 1081
66 991
67 959
68 997
69 1017
70 967
71 1008
72 1028
73 1013
74 1021
75 1037
76 1041
77 962
78 1060
79 1026
80 1024
81 1032
82 1022
83 1030
84 947
85 1008
86 976
87 1021
88 1105
89 1030
90 1030
91 991
92 973
93 1033
94 963
95 984
96 1029
97 1038
98 910
99 1022
100 1047
101 914
102 1048
103 1068
104 1007
105 998
106 1039
107 996
108 995
109 920
110 995
111 1013
112 996
113 962
114 1050
115 1011
116 956
117 1089
118 956
119 947
120 990
121 996
122 988
123 1041
124 1000
125 930
126 952
127 1032
128 928
129 1055
130 951
131 1059
132 1006
133 938
134 1006
135 1032
136 1047
137 1009
138 1104
139 1018
140 1028
141 1030
142 974
143 1039
144 1065
145 945
146 1011
147 964
148 1048
149 1008
150 1034
151 998
152 975
153 986
154 983
155 1094
156 959
157 1038
158 1012
159 1027
160 1056
161 949
162 1023
163 957
164 1059
165 1030
166 945
167 1004
168 966
169 982
170 996
171 975
172 1003
173 1038
174 978
175 995
176 1022
177 1035
178 953
179 959
180 987
181 1025
182 1018
183 988
184 1009
185 955
186 982
187 1041
188 920
189 1007
190 951
191 963
192 1047
193 1022
194 1014
195 1063
196 1043
197 966
198 1013
199 1040
200 1003
201 944
202 1037
203 944
204 972
205 966
206 1040
207 1043
208 984
209 956
210 1048
211 1012
212 1002
213 1003
214 959
215 1000
216 1068
217 993
218 981
219 1053
220 988
221 1012
222 1082
223 997
224 1062
225 942
226 1015
227 1028
228 1016
229 922
230 1021
231 1029
232 995
233 1005
234 995
235 968
236 1009
237 990
238 989
239 1034
240 1031
241 949
242 1010
243 1029
244 951
245 978
246 1012
247 1009
248 1062
249 1017
250 997
251 1017
252 1005
253 998
254 1072
255 928
256 975
257 990
258 991
259 1003
260 1026
261 1009
262 1021
263 953
264 937
265 1020
266 1010
267 1027
268 1016
269 1031
270 958
271 1001
272 974
273 979
274 1048
275 1011
276 971
277 1007
278 1001
279 1013
280 957
281 1052
282 974
283 1073
284 1027
285 947
286 1034
287 971
288 977
289 1012
290 982
291 978
292 998
293 1031
294 920
295 1037
296 973
297 1025
298 1035
299 965
300 959
301 1005
302 990
303 1021
304 1074
305 956
306 1020
307 1038
308 1000
309 1002
310 929
311 1016
312 989
313 930
314 1024
315 1013
316 1042
317 970
318 1026
319 988
320 961
321 995
322 967
323 957
324 1000
325 1110
326 1041
327 1060
328 976
329 1005
330 1028
331 1036
332 974
333 1046
334 1012
335 1035
336 955
337 1000
338 1025
339 1007
340 1009
341 1011
342 965
343 955
344 1009
345 1013
346 996
347 1007
348 1014
349 920
350 1059
351 927
352 988
353 1007
354 1004
355 979
356 953
357 913
358 1015
359 978
360 1059
361 1051
362 1036
363 1025
364 1079
365 1070
366 1050
367 1012
368 956
369 922
370 976
371 990
372 1015
373 1015
374 989
375 949
376 1003
377 1061
378 970
379 999
380 984
381 994
382 996
383 984
384 1022
385 970
386 990
387 916
388 1037
389 1022
390 999
391 962
392 963
393 1024
394 1008
395 971
396 1010
397 1025
398 1013
399 1004
400 1036
401 1023
402 1020
403 999
404 992
405 1012
406 943
407 1020
408 973
409 1035
410 997
411 1058
412 1028
413 992
414 1066
415 1011
416 945
417 1016
418 1013
419 999
420 1052
421 958
422 990
423 955
424 945
425 988
426 998
427 994
428 1033
429 980
430 916
431 998
432 1006
433 976
434 1010
435 1029
436 932
437 990
438 1017
439 993
440 1015
441 1042
442 1035
443 931
444 1023
445 965
446 987
447 978
448 958
449 1038
450 1026
451 1031
452 1020
453 1010
454 1041
455 966
456 983
457 961
458 1058
459 971
460 1021
461 983
462 1054
463 983
464 972
465 954
466 1030
467 999
468 970
469 983
470 976
471 977
472 990
473 1032
474 958
475 1022
476 936
477 1014
478 1041
479 1024
480 1024
481 942
482 1029
483 999
484 1029
485 1001
486 953
487 970
488 1086
489 933
490 1005
491 993
492 991
493 1022
494 991
495 956
496 1046
497 991
498 1017
499 969
500 966
501 1057
502 1027
503 950
504 1005
505 1025
506 990
507 980
508 1044
509 1009
510 981
511 1034
512 950
513 959
514 992
515 985
516 943
517 968
518 967
519 1008
520 1002
521 1052
522 1002
523 956
524 1031
525 1009
526 1007
527 942
528 960
529 980
530 946
531 1058
532 1053
533 992
534 984
535 1000
536 962
537 1061
538 988
539 979
540 1000
541 957
542 1099
543 1003
544 988
545 1006
546 957
547 1019
548 1011
549 982
550 997
551 1012
552 970
553 941
554 1037
555 1002
556 1012
557 998
558 956
559 1029
560 1068
561 1018
562 943
563 1008
564 1020
565 998
566 1014
567 960
568 959
569 1036
570 960
571 1003
572 1037
573 933
574 949
575 1059
576 1005
577 1020
578 1019
579 967
580 933
581 1074
582 927
583 996
584 1016
585 1038
586 1092
587 992
588 1018
589 1057
590 980
591 945
592 1017
593 1065
594 985
595 988
596 990
597 991
598 1055
599 991
600 957
601 1011
602 998
603 1015
604 1002
605 1059
606 954
607 969
608 1060
609 984
610 1025
611 932
612 1067
613 1032
614 999
615 1038
616 1003
617 973
618 983
619 1001
620 971
621 1067
622 985
623 1017
624 1039
625 918
626 986
627 1031
628 973
629 981
630 984
631 1015
632 1047
633 919
634 930
635 944
636 1010
637 996
638 1004
639 965
640 991
641 995
642 1043
643 1009
644 983
645 1024
646 999
647 998
648 1034
649 984
650 1003
651 1007
652 1006
653 1009
654 975
655 1004
656 940
657 972
658 1008
659 1011
660 988
661 1005
662 959
663 982
664 953
665 1039
666 983
667 971
668 1033
669 929
670 1048
671 976
672 1036
673 1007
674 991
675 1008
676 1045
677 1009
678 927
679 1038
680 1033
681 1005
682 966
683 1076
684 941
685 1020
686 951
687 963
688 1025
689 1030
690 975
691 1068
692 1017
693 944
694 1003
695 950
696 1004
697 997
698 1068
699 969
700 1026
701 938
702 981
703 1065
704 1019
705 1011
706 1087
707 963
708 1039
709 1011
710 1015
711 984
712 1053
713 991
714 997
715 973
716 946
717 1036
718 990
719 971
720 1009
721 985
722 1023
723 1054
724 1065
725 1021
726 1040
727 959
728 956
729 985
730 1055
731 929
732 1038
733 994
734 967
735 1083
736 1002
737 938
738 1012
739 985
740 966
741 994
742 962
743 950
744 981
745 919
746 971
747 1010
748 999
749 995
750 991
751 982
752 1043
753 912
754 985
755 967
756 1022
757 967
758 971
759 947
760 1029
761 1011
762 1000
763 944
764 967
765 1016
766 1013
767 1019
768 1031
769 968
770 1061
771 1057
772 958
773 1049
774 963
775 990
776 965
777 1001
778 1004
779 1000
780 1006
781 985
782 1011
783 990
784 979
785 991
786 967
787 1030
788 1014
789 946
790 1057
791 914
792 1036
793 1059
794 923
795 1030
796 1008
797 1007
798 1034
799 1050
800 1042
801 989
802 1083
803 994
804 995
805 1043
806 985
807 995
808 990
809 1062
810 975
811 980
812 1034
813 990
814 988
815 982
816 1037
817 961
818 970
819 1016
820 1021
821 1005
822 986
823 994
824 998
825 984
826 1037
827 934
828 1008
829 1030
830 948
831 999
832 1053
833 947
834 1007
835 952
836 1038
837 1009
838 971
839 1088
840 1006
841 1046
842 1015
843 969
844 955
845 974
846 991
847 987
848 959
849 1071
850 999
851 957
852 1010
853 1006
854 1046
855 1032
856 971
857 1044
858 1040
859 979
860 1048
861 1018
862 997
863 963
864 1017
865 974
866 955
867 1028
868 1012
869 1084
870 1027
871 982
872 1029
873 973
874 1031
875 949
876 1032
877 996
878 1032
879 977
880 974
881 984
882 1002
883 959
884 1044
885 937
886 990
887 961
888 1019
889 983
890 1006
891 1034
892 1037
893 1009
894 914
895 1002
896 1060
897 970
898 949
899 1005
900 1010
901 1037
902 1004
903 1000
904 949
905 976
906 982
907 1036
908 1049
909 983
910 1013
911 972
912 987
913 1058
914 966
915 965
916 993
917 970
918 1028
919 1023
920 983
921 964
922 1010
923 985
924 1036
925 991
926 1012
927 1022
928 1041
929 966
930 988
931 944
932 956
933 1025
934 1041
935 974
936 985
937 1024
938 972
939 1015
940 965
941 974
942 1037
943 1047
944 1029
945 978
946 963
947 1024
948 1047
949 998
950 1019
951 1021
952 978
953 996
954 995
955 978
956 1059
957 983
958 1011
959 1096
960 949
961 1041
962 969
963 1061
964 993
965 938
966 1007
967 951
968 1044
969 1027
970 984
971 1023
972 1020
973 975
974 955
975 1047
976 945
977 1054
978 976
979 977
980 1083
981 964
982 1024
983 1056
984 898
985 1060
986 933
987 995
988 972
989 1026
990 953
991 1043
992 1002
993 1001
994 982
995 991
996 978
997 1062
998 955
999 994
