### TEST: STRINGS_LEN
5 62430
6 64558
7 59565
8 62094
9 63610
10 62229
11 62733
12 61370
13 62451
14 63700
15 63504
16 62545
17 62722
18 63197
19 62387
20 60905
### TEST: STRINGS_SUM
0 1449
1 1409
2 1383
3 1356
4 1308
5 1271
6 1251
7 1213
8 1154
9 1141
10 1084
11 1044
12 1002
13 957
14 985
15 950
16 855
17 848
18 816
19 759
20 779
21 668
22 721
23 700
24 688
25 629
26 605
27 604
28 577
29 573
30 547
31 539
32 493
33 515
34 547
35 542
36 570
37 526
38 507
39 558
40 542
41 583
42 604
43 619
44 645
45 659
46 637
47 702
48 671
49 688
50 659
51 752
52 732
53 784
54 838
55 845
56 897
57 906
58 926
59 1042
60 1028
61 1066
62 1071
63 1097
64 1150
65 1186
66 1144
67 1240
68 1290
69 1282
70 1361
71 1373
72 1432
73 1405
74 1484
75 1473
76 1527
77 1446
78 1606
79 1549
80 1655
81 1655
82 1677
83 1693
84 1633
85 1755
86 1685
87 1768
88 1719
89 1719
90 1724
91 1723
92 1631
93 1773
94 1766
95 1758
96 1695
97 1668
98 1777
99 1767
100 1672
101 1693
102 1649
103 1561
104 1642
105 1544
106 1552
107 1529
108 1481
109 1426
110 1399
111 1347
112 1292
113 1286
114 1238
115 1213
116 1171
117 1171
118 1088
119 1116
120 1010
121 1023
122 1018
123 943
124 903
125 869
126 937
127 827
128 853
129 781
130 802
131 729
132 755
133 732
134 672
135 641
136 647
137 607
138 648
139 549
140 581
141 639
142 590
143 533
144 559
145 538
146 635
147 547
148 610
149 615
150 611
151 587
152 656
153 648
154 686
155 667
156 657
157 709
158 716
159 720
160 757
161 789
162 797
163 806
164 892
165 855
166 859
167 885
168 1006
169 932
170 1068
171 1030
172 1130
173 1087
174 1143
175 1173
176 1200
177 1203
178 1342
179 1352
180 1394
181 1283
182 1373
183 1401
184 1434
185 1433
186 1447
187 1538
188 1531
189 1551
190 1622
191 1569
192 1615
193 1653
194 1709
195 1634
196 1690
197 1632
198 1667
199 1630
200 1651
201 1699
202 1700
203 1629
204 1614
205 1639
206 1603
207 1618
208 1580
209 1551
210 1605
211 1565
212 1559
213 1520
214 1533
215 1394
216 1453
217 1371
218 1420
219 1299
220 1297
221 1305
222 1241
223 1208
224 1192
225 1133
226 1088
227 1059
228 1001
229 980
230 949
231 937
232 876
233 864
234 828
235 804
236 728
237 730
238 699
239 648
240 626
241 608
242 600
243 527
244 521
245 499
246 494
247 427
248 378
249 397
250 431
251 351
252 356
253 344
254 327
255 314
256 321
257 281
258 321
259 265
260 267
261 303
262 286
263 257
264 251
265 262
266 280
267 267
268 292
269 327
270 306
271 307
272 299
273 349
274 339
275 345
276 358
277 406
278 365
279 399
280 432
281 486
282 480
283 515
284 507
285 523
286 542
287 593
288 612
289 562
290 604
291 672
292 656
293 683
294 748
295 681
296 749
297 750
298 786
299 821
300 815
301 820
302 847
303 842
304 888
305 886
306 915
307 880
308 920
309 937
310 942
311 911
312 917
313 892
314 974
315 949
316 969
317 905
318 948
319 890
320 915
321 944
322 840
323 914
324 859
325 825
326 816
327 868
328 816
329 807
330 761
331 744
332 742
333 737
334 635
335 683
336 657
337 669
338 603
339 596
340 606
341 597
342 578
343 517
344 490
345 453
346 455
347 418
348 455
349 418
350 360
351 376
352 315
353 367
354 319
355 292
356 304
357 311
358 272
359 279
360 271
361 238
362 252
363 223
364 218
365 216
366 210
367 216
368 250
369 224
370 237
371 262
372 216
373 224
374 252
375 263
376 252
377 278
378 284
379 279
380 291
381 309
382 310
383 344
384 366
385 376
386 391
387 423
388 416
389 380
390 470
391 444
392 473
393 525
394 498
395 556
396 590
397 601
398 563
399 618
400 640
401 687
402 686
403 703
404 718
405 752
406 710
407 761
408 737
409 795
410 782
411 900
412 851
413 850
414 857
415 867
416 869
417 858
418 911
419 952
420 889
421 885
422 897
423 904
424 885
425 927
426 917
427 922
428 885
429 938
430 879
431 882
432 876
433 846
434 858
435 876
436 754
437 847
438 784
439 812
440 736
441 755
442 707
443 683
444 685
445 677
446 686
447 677
448 609
449 587
450 563
451 593
452 552
453 499
454 508
455 465
456 442
457 470
458 443
459 408
460 407
461 376
462 344
463 376
464 345
465 358
466 308
467 297
468 307
469 279
470 299
471 320
472 315
473 272
474 265
475 305
476 264
477 257
478 254
479 243
480 254
481 245
482 270
483 278
484 273
485 290
486 293
487 299
488 329
489 303
490 354
491 357
492 337
493 392
494 370
495 412
496 433
497 457
498 488
499 496
500 480
501 479
502 517
503 607
504 593
505 646
506 655
507 646
508 692
509 699
510 814
511 838
512 868
513 866
514 928
515 1026
516 1010
517 1156
518 1098
519 1158
520 1206
521 1229
522 1268
523 1311
524 1379
525 1459
526 1555
527 1639
528 1693
529 1707
530 1817
531 1795
532 1892
533 1943
534 1907
535 2007
536 2017
537 2045
538 2103
539 2211
540 2195
541 2248
542 2231
543 2153
544 2220
545 2255
546 2196
547 2338
548 2140
549 2201
550 2258
551 2134
552 2106
553 2030
554 2074
555 1983
556 1982
557 1980
558 1766
559 1806
560 1776
561 1634
562 1589
563 1491
564 1441
565 1376
566 1368
567 1313
568 1167
569 1055
570 1168
571 950
572 970
573 929
574 813
575 751
576 739
577 655
578 576
579 569
580 535
581 505
582 487
583 470
584 413
585 432
586 365
587 406
588 349
589 373
590 358
591 359
592 309
593 346
594 344
595 381
596 317
597 376
598 343
599 353
600 346
601 379
602 417
603 405
604 419
605 426
606 427
607 468
608 491
609 504
610 554
611 551
612 574
613 616
614 628
615 662
616 689
617 784
618 783
619 813
620 789
621 897
622 871
623 960
624 1024
625 1081
626 1102
627 1157
628 1169
629 1190
630 1297
631 1412
632 1401
633 1443
634 1479
635 1553
636 1538
637 1608
638 1724
639 1698
640 1796
641 1800
642 1878
643 1943
644 1981
645 1978
646 2104
647 2008
648 2133
649 2120
650 2073
651 2062
652 2132
653 2210
654 2159
655 2223
656 2141
657 2117
658 2144
659 2220
660 2091
661 2087
662 2025
663 1999
664 1962
665 1955
666 1864
667 1761
668 1756
669 1663
670 1645
671 1615
672 1491
673 1534
674 1455
675 1401
676 1306
677 1313
678 1231
679 1142
680 1108
681 1026
682 955
683 928
684 832
685 814
686 844
687 787
688 718
689 695
690 585
691 616
692 586
693 530
694 515
695 475
696 475
697 448
698 444
699 359
700 406
701 419
702 404
703 374
704 364
705 352
706 377
707 405
708 420
709 390
710 423
711 404
712 463
713 443
714 404
715 481
716 491
717 528
718 494
719 550
720 572
721 571
722 637
723 659
724 665
725 724
726 708
727 752
728 793
729 806
730 868
731 912
732 972
733 964
734 1101
735 1100
736 1160
737 1110
738 1161
739 1168
740 1299
741 1286
742 1348
743 1389
744 1468
745 1502
746 1543
747 1586
748 1656
749 1619
750 1644
751 1695
752 1739
753 1750
754 1810
755 1783
756 1899
757 1788
758 1867
759 1846
760 1946
761 1900
762 2000
763 1879
764 1952
765 1898
766 1887
767 1884
768 1970
769 1796
770 1912
771 1736
772 1898
773 1840
774 1750
775 1771
776 1709
777 1607
778 1618
779 1551
780 1561
781 1472
782 1420
783 1364
784 1353
785 1327
786 1250
787 1171
788 1155
789 1135
790 1033
791 941
792 976
793 869
794 913
795 755
796 783
797 790
798 711
799 685
800 703
801 590
802 583
803 567
804 533
805 545
806 522
807 455
808 450
809 415
810 462
811 434
812 426
813 447
814 496
815 428
816 457
817 455
818 461
819 471
820 493
821 462
822 490
823 539
824 512
825 531
826 507
827 581
828 554
829 618
830 588
831 665
832 655
833 744
834 745
835 784
836 776
837 839
838 850
839 876
840 936
841 1001
842 1036
843 1051
844 1038
845 1086
846 1122
847 1227
848 1256
849 1207
850 1260
851 1300
852 1362
853 1370
854 1459
855 1492
856 1540
857 1594
858 1653
859 1650
860 1713
861 1746
862 1673
863 1765
864 1782
865 1784
866 1857
867 1868
868 1923
869 1944
870 1883
871 1879
872 1875
873 1908
874 1856
875 1863
876 1903
877 1840
878 1898
879 1831
880 1774
881 1741
882 1815
883 1716
884 1748
885 1645
886 1660
887 1599
888 1573
889 1534
890 1521
891 1473
892 1516
893 1410
894 1307
895 1336
896 1205
897 1163
898 1132
899 1069
900 1029
901 1042
902 941
903 990
904 926
905 906
906 889
907 774
908 805
909 755
910 667
911 703
912 613
913 615
914 584
915 564
916 588
917 569
918 534
919 503
920 535
921 487
922 498
923 493
924 440
925 495
926 492
927 513
928 495
929 505
930 483
931 535
932 525
933 538
934 572
935 585
936 610
937 604
938 666
939 658
940 672
941 669
942 738
943 757
944 788
945 846
946 827
947 892
948 922
949 990
950 953
951 1028
952 1055
953 1098
954 1137
955 1160
956 1182
957 1221
958 1319
959 1287
960 1398
961 1319
962 1384
963 1441
964 1502
965 1557
966 1535
967 1572
968 1628
969 1645
970 1745
971 1696
972 1793
973 1744
974 1842
975 1831
976 1774
977 1837
978 1807
979 1854
980 1888
981 1855
982 1771
983 1862
984 1805
985 1859
986 1877
987 1828
988 1755
989 1814
990 1757
991 1781
992 1666
993 1764
994 1737
995 1634
996 1604
997 1523
998 1542
999 1511
### TEST: STRINGS_POLINOM
0 976
1 943
2 983
3 977
4 1025
5 1059
6 1023
7 1069
8 948
9 994
10 1055
11 993
12 1021
13 959
14 1008
15 978
16 982
17 1041
18 993
19 977
20 1007
21 983
22 979
23 988
24 1009
25 1044
26 947
27 1018
28 1008
29 974
30 991
31 1018
32 1029
33 986
34 1014
35 1028
36 1016
37 1041
38 1074
39 988
40 1015
41 973
42 1003
43 964
44 1014
45 970
46 1009
47 1000
48 1054
49 1021
50 978
51 980
52 991
53 1006
54 1037
55 1064
56 1017
57 963
58 1021
59 981
60 972
61 971
62 1039
63 985
64 1015
65 986
66 1063
67 998
68 979
69 935
70 991
71 1025
72 977
73 1009
74 1024
75 1036
76 997
77 995
78 1010
79 987
80 987
81 944
82 1009
83 1034
84 1023
85 990
86 1016
87 1020
88 1008
89 1013
90 1044
91 989
92 1025
93 960
94 1065
95 1027
96 1015
97 1003
98 1013
99 1050
100 1021
101 982
102 1008
103 1003
104 988
105 1003
106 1034
107 1098
108 973
109 1011
110 995
111 1056
112 1006
113 1016
114 993
115 1020
116 996
117 1005
118 1025
119 986
120 1008
121 970
122 995
123 1005
124 1002
125 1010
126 1002
127 1042
128 1035
129 968
130 972
131 993
132 1015
133 981
134 974
135 1034
136 990
137 1010
138 996
139 957
140 1023
141 1023
142 986
143 977
144 1029
145 990
146 959
147 1060
148 989
149 1024
150 964
151 1000
152 1012
153 999
154 995
155 1018
156 1027
157 1048
158 1000
159 981
160 1021
161 978
162 959
163 1002
164 1036
165 971
166 968
167 1034
168 1021
169 1001
170 977
171 939
172 1010
173 992
174 1027
175 994
176 1066
177 1011
178 961
179 988
180 1036
181 1001
182 996
183 994
184 968
185 995
186 1052
187 1010
188 1033
189 1008
190 1027
191 992
192 921
193 987
194 1023
195 918
196 1016
197 989
198 1081
199 1001
200 1014
201 1019
202 953
203 1047
204 985
205 1040
206 1047
207 1008
208 943
209 1014
210 1004
211 955
212 999
213 1035
214 952
215 996
216 997
217 1017
218 1026
219 984
220 1021
221 1021
222 1008
223 1013
224 961
225 1023
226 958
227 980
228 983
229 1036
230 999
231 1012
232 979
233 975
234 1008
235 984
236 1038
237 1006
238 1010
239 993
240 1037
241 979
242 970
243 1004
244 1025
245 1024
246 1003
247 985
248 973
249 966
250 1009
251 1012
252 1009
253 947
254 1026
255 1039
256 1002
257 1072
258 1029
259 963
260 1030
261 1026
262 1091
263 965
264 1011
265 1029
266 1009
267 936
268 987
269 958
270 1003
271 1038
272 1001
273 1007
274 986
275 1011
276 1001
277 1008
278 979
279 977
280 1000
281 1024
282 1048
283 1018
284 1025
285 1001
286 1031
287 976
288 988
289 1031
290 998
291 976
292 1008
293 927
294 987
295 936
296 988
297 1017
298 1024
299 1015
300 1013
301 1062
302 1015
303 997
304 1030
305 1010
306 1067
307 946
308 1008
309 1022
310 1040
311 969
312 1015
313 1077
314 1028
315 990
316 1031
317 978
318 983
319 1038
320 1001
321 956
322 1001
323 940
324 999
325 1008
326 989
327 986
328 905
329 950
330 943
331 997
332 975
333 992
334 995
335 994
336 1029
337 1045
338 1019
339 1024
340 1068
341 982
342 989
343 978
344 1006
345 976
346 1005
347 1012
348 985
349 1009
350 1039
351 1031
352 1046
353 1005
354 965
355 1012
356 1051
357 986
358 971
359 987
360 985
361 976
362 1063
363 966
364 944
365 1020
366 1006
367 975
368 965
369 1017
370 997
371 1005
372 963
373 1037
374 975
375 959
376 946
377 1028
378 1004
379 1003
380 993
381 969
382 989
383 1049
384 990
385 920
386 962
387 987
388 948
389 1056
390 982
391 1034
392 967
393 999
394 1026
395 931
396 988
397 1009
398 967
399 1002
400 1048
401 1006
402 1018
403 1026
404 1061
405 1033
406 985
407 974
408 943
409 1028
410 976
411 1041
412 1049
413 957
414 1012
415 1024
416 1008
417 1028
418 1022
419 949
420 976
421 1021
422 973
423 992
424 993
425 1065
426 1029
427 936
428 999
429 958
430 1005
431 994
432 1023
433 1013
434 1028
435 1011
436 946
437 1023
438 1050
439 1017
440 980
441 1040
442 1013
443 970
444 1034
445 1014
446 1016
447 1049
448 991
449 1017
450 986
451 970
452 1007
453 999
454 943
455 1028
456 1024
457 1045
458 993
459 1025
460 1044
461 948
462 1015
463 961
464 987
465 1008
466 1024
467 1017
468 973
469 1006
470 956
471 985
472 1001
473 940
474 933
475 1005
476 972
477 969
478 949
479 986
480 1018
481 965
482 976
483 1004
484 961
485 991
486 967
487 993
488 977
489 962
490 993
491 1016
492 1046
493 1035
494 1033
495 1021
496 1082
497 1005
498 992
499 1013
500 975
501 1074
502 929
503 1007
504 1039
505 1033
506 963
507 1033
508 1011
509 1000
510 1031
511 1029
512 1060
513 1004
514 1030
515 1029
516 1038
517 1026
518 968
519 975
520 1064
521 966
522 993
523 998
524 1005
525 975
526 1011
527 1064
528 988
529 986
530 1025
531 1015
532 1001
533 1001
534 968
535 964
536 981
537 942
538 964
539 913
540 1019
541 969
542 972
543 1020
544 964
545 1063
546 934
547 1045
548 979
549 1023
550 1016
551 987
552 1008
553 969
554 962
555 975
556 1006
557 1006
558 1015
559 964
560 1006
561 965
562 996
563 982
564 1036
565 1013
566 1037
567 972
568 1042
569 992
570 1009
571 946
572 926
573 985
574 999
575 990
576 975
577 966
578 1023
579 989
580 977
581 962
582 1000
583 1003
584 1003
585 974
586 1029
587 1001
588 941
589 970
590 995
591 989
592 1033
593 1048
594 1025
595 979
596 1047
597 986
598 1046
599 1062
600 1005
601 1057
602 1007
603 996
604 1004
605 982
606 1003
607 1028
608 1000
609 1016
610 1029
611 980
612 1010
613 1021
614 952
615 1021
616 1021
617 1037
618 985
619 1048
620 987
621 985
622 999
623 1005
624 987
625 987
626 998
627 1019
628 997
629 974
630 998
631 998
632 1010
633 998
634 1032
635 994
636 995
637 1013
638 918
639 930
640 1024
641 1006
642 994
643 1037
644 1032
645 921
646 972
647 956
648 1007
649 1012
650 1002
651 992
652 1052
653 1043
654 983
655 1061
656 1013
657 1014
658 1005
659 995
660 1047
661 1027
662 1038
663 979
664 993
665 1036
666 1014
667 985
668 945
669 978
670 1021
671 953
672 979
673 965
674 964
675 1003
676 1019
677 982
678 976
679 1007
680 1044
681 972
682 981
683 1067
684 996
685 1010
686 1021
687 1014
688 1024
689 1004
690 983
691 988
692 995
693 961
694 999
695 983
696 987
697 983
698 999
699 946
700 1040
701 1019
702 997
703 963
704 989
705 1023
706 1005
707 1014
708 1025
709 1030
710 1007
711 964
712 1003
713 967
714 1002
715 965
716 1023
717 1020
718 967
719 978
720 999
721 992
722 954
723 1009
724 951
725 971
726 1049
727 1012
728 987
729 1019
730 1007
731 947
732 1003
733 988
734 1016
735 970
736 1022
737 969
738 967
739 1022
740 1012
741 961
742 1011
743 1002
744 1021
745 997
746 1022
747 940
748 942
749 997
750 1024
751 1044
752 957
753 1002
754 1026
755 945
756 1051
757 1035
758 1032
759 969
760 998
761 937
762 1010
763 1005
764 1025
765 1008
766 945
767 1004
768 1004
769 995
770 994
771 1042
772 951
773 971
774 976
775 1026
776 998
777 1031
778 988
779 1021
780 997
781 951
782 983
783 1011
784 959
785 944
786 977
787 988
788 1008
789 1034
790 973
791 973
792 1045
793 987
794 945
795 1005
796 1005
797 1008
798 1048
799 999
800 1007
801 1022
802 1050
803 1001
804 976
805 1022
806 934
807 1010
808 1033
809 986
810 1071
811 1018
812 1030
813 1045
814 985
815 975
816 972
817 1043
818 1038
819 1005
820 1047
821 1037
822 1013
823 1020
824 949
825 1027
826 993
827 1007
828 994
829 1056
830 1011
831 960
832 951
833 962
834 999
835 1002
836 953
837 995
838 943
839 1019
840 984
841 1043
842 1034
843 1048
844 1016
845 974
846 1030
847 971
848 966
849 1006
850 1052
851 1011
852 1008
853 1022
854 1054
855 963
856 968
857 1008
858 1017
859 1005
860 963
861 1019
862 1012
863 945
864 1011
865 972
866 973
867 1008
868 1007
869 992
870 1005
871 973
872 1018
873 993
874 995
875 919
876 963
877 1009
878 1053
879 1038
880 969
881 972
882 995
883 958
884 1016
885 1049
886 976
887 962
888 1009
889 988
890 1001
891 978
892 1008
893 1009
894 985
895 999
896 1028
897 1022
898 1044
899 957
900 930
901 1024
902 1028
903 949
904 1021
905 983
906 1027
907 1051
908 992
909 1011
910 981
911 1024
912 1013
913 974
914 997
915 996
916 1024
917 1018
918 996
919 982
920 944
921 944
922 991
923 1026
924 943
925 985
926 979
927 1018
928 1062
929 1028
930 957
931 946
932 963
933 899
934 979
935 991
936 1018
937 1021
938 1002
939 981
940 960
941 995
942 1045
943 954
944 991
945 944
946 1002
947 1084
948 1066
949 993
950 1003
951 965
952 1034
953 936
954 1060
955 958
956 987
957 997
958 1002
959 1056
960 959
961 1026
962 992
963 999
964 1011
965 1028
966 960
967 1018
968 971
969 1000
970 983
971 1042
972 1000
973 1003
974 960
975 954
976 1033
977 1025
978 977
979 969
980 1013
981 1034
982 1033
983 1014
984 1034
985 992
986 974
987 965
988 950
989 975
990 1029
991 1043
992 1019
993 998
994 962
995 961
996 959
997 1004
998 928
999 1022
### TEST: STRINGS_SRC_32
0 967
1 1018
2 989
3 1046
4 999
5 1031
6 971
7 1034
8 1014
9 980
10 1015
11 971
12 989
13 1043
14 974
15 1021
16 1074
17 1020
18 966
19 995
20 1010
21 980
22 978
23 1013
24 1007
25 1043
26 1035
27 948
28 1044
29 937
30 959
31 1080
32 974
33 1027
34 980
35 1022
36 997
37 976
38 1028
39 1019
40 1038
41 1061
42 975
43 1021
44 964
45 949
46 1023
47 1039
48 1010
49 977
50 989
51 992
52 993
53 996
54 1017
55 1016
56 980
57 959
58 1088
59 991
60 1000
61 1028
62 1039
63 968
64 1030
65 957
66 1021
67 981
68 993
69 1047
70 962
71 1054
72 1003
73 1021
74 1026
75 958
76 1023
77 986
78 1013
79 1014
80 1024
81 1024
82 1017
83 998
84 944
85 953
86 1006
87 998
88 1059
89 950
90 1009
91 1015
92 1032
93 1033
94 997
95 1010
96 1018
97 969
98 1030
99 956
100 1009
101 1029
102 1052
103 989
104 987
105 1074
106 988
107 1026
108 958
109 994
110 953
111 1043
112 971
113 983
114 1042
115 1042
116 1011
117 993
118 928
119 975
120 949
121 942
122 990
123 973
124 1014
125 992
126 989
127 982
128 904
129 1005
130 996
131 1005
132 974
133 1008
134 1029
135 983
136 1000
137 1036
138 988
139 1017
140 1029
141 1038
142 1021
143 983
144 963
145 1039
146 972
147 978
148 986
149 996
150 984
151 1004
152 1045
153 968
154 1005
155 1007
156 983
157 1024
158 1028
159 1053
160 1013
161 1015
162 925
163 971
164 973
165 998
166 972
167 991
168 956
169 1011
170 1033
171 969
172 993
173 978
174 1027
175 941
176 966
177 1020
178 971
179 956
180 1033
181 1005
182 911
183 1083
184 1000
185 996
186 939
187 1012
188 960
189 998
190 1069
191 959
192 996
193 983
194 1016
195 1053
196 958
197 971
198 941
199 1013
200 1020
201 990
202 952
203 1020
204 971
205 1001
206 1013
207 981
208 1037
209 995
210 987
211 1007
212 987
213 930
214 1000
215 969
216 1033
217 973
218 1046
219 1020
220 982
221 990
222 947
223 994
224 1044
225 1008
226 977
227 996
228 969
229 1018
230 978
231 989
232 1029
233 984
234 1000
235 1002
236 954
237 984
238 1015
239 988
240 960
241 1031
242 960
243 1115
244 1003
245 1010
246 1015
247 1058
248 1032
249 976
250 996
251 1022
252 964
253 1046
254 1004
255 991
256 954
257 1001
258 1104
259 1005
260 1009
261 996
262 1033
263 1022
264 1054
265 985
266 1070
267 995
268 1011
269 953
270 1010
271 1003
272 1012
273 996
274 977
275 1004
276 975
277 1008
278 966
279 1006
280 1021
281 1008
282 1038
283 1033
284 1007
285 950
286 1027
287 1007
288 1086
289 974
290 1026
291 1026
292 1020
293 949
294 1053
295 1070
296 971
297 987
298 1056
299 976
300 962
301 989
302 1022
303 954
304 994
305 1032
306 965
307 994
308 966
309 986
310 993
311 1025
312 971
313 995
314 1034
315 1009
316 1006
317 992
318 1018
319 1009
320 1005
321 931
322 988
323 1031
324 985
325 1002
326 957
327 1036
328 1022
329 999
330 1048
331 1007
332 1037
333 1039
334 971
335 1074
336 1011
337 975
338 952
339 1003
340 979
341 973
342 1016
343 975
344 994
345 1041
346 1006
347 967
348 992
349 957
350 1000
351 976
352 1020
353 955
354 968
355 946
356 1023
357 1010
358 984
359 1058
360 1020
361 1048
362 1000
363 956
364 1001
365 993
366 1010
367 997
368 1046
369 1034
370 1015
371 987
372 962
373 987
374 1034
375 1006
376 983
377 967
378 949
379 959
380 971
381 962
382 1032
383 1051
384 1030
385 958
386 972
387 938
388 1001
389 964
390 998
391 970
392 977
393 1034
394 1012
395 1026
396 1005
397 957
398 1038
399 1001
400 1011
401 1003
402 968
403 1027
404 950
405 991
406 1025
407 982
408 964
409 1005
410 1001
411 997
412 1005
413 1006
414 1031
415 991
416 989
417 1005
418 1023
419 989
420 994
421 952
422 1022
423 987
424 1009
425 999
426 1001
427 959
428 1033
429 1011
430 982
431 967
432 956
433 1059
434 994
435 1016
436 965
437 988
438 978
439 961
440 1022
441 998
442 1032
443 968
444 1068
445 1035
446 942
447 998
448 993
449 985
450 1015
451 993
452 999
453 991
454 976
455 980
456 1028
457 955
458 1026
459 1001
460 1003
461 990
462 1057
463 976
464 974
465 950
466 923
467 958
468 1051
469 1016
470 1000
471 1039
472 985
473 986
474 964
475 1079
476 987
477 991
478 968
479 980
480 1032
481 1066
482 1008
483 994
484 1055
485 960
486 984
487 1002
488 1031
489 995
490 989
491 985
492 1037
493 1007
494 962
495 1004
496 1008
497 1010
498 987
499 950
500 974
501 994
502 956
503 1017
504 1009
505 983
506 1009
507 997
508 1010
509 1009
510 1027
511 1061
512 1057
513 994
514 1038
515 1009
516 1040
517 985
518 1017
519 1019
520 1030
521 1006
522 973
523 1003
524 965
525 1007
526 996
527 975
528 1023
529 983
530 975
531 1001
532 997
533 983
534 997
535 986
536 1027
537 1021
538 991
539 984
540 1002
541 994
542 1026
543 1011
544 996
545 1084
546 1015
547 1045
548 964
549 1015
550 984
551 1010
552 1001
553 961
554 985
555 1071
556 991
557 1087
558 967
559 1026
560 943
561 981
562 1052
563 966
564 1028
565 1017
566 964
567 976
568 997
569 966
570 984
571 1009
572 999
573 978
574 1025
575 1027
576 941
577 1018
578 1002
579 1029
580 976
581 1019
582 1005
583 965
584 987
585 1039
586 1014
587 1038
588 1039
589 989
590 966
591 965
592 1017
593 1013
594 1017
595 987
596 958
597 993
598 968
599 1021
600 1028
601 1023
602 1027
603 1030
604 925
605 975
606 1008
607 973
608 1003
609 962
610 1027
611 986
612 1006
613 1042
614 1084
615 1010
616 1032
617 984
618 1014
619 1006
620 1002
621 980
622 994
623 967
624 986
625 1024
626 1002
627 1018
628 1004
629 998
630 958
631 1027
632 1034
633 1017
634 980
635 1032
636 1005
637 991
638 1056
639 955
640 979
641 1001
642 972
643 991
644 971
645 1008
646 987
647 1071
648 977
649 1009
650 966
651 964
652 989
653 985
654 978
655 1000
656 1029
657 967
658 979
659 962
660 979
661 976
662 975
663 969
664 1026
665 991
666 987
667 995
668 1023
669 1000
670 970
671 1019
672 1030
673 1072
674 960
675 1018
676 953
677 991
678 1047
679 976
680 976
681 1012
682 965
683 1046
684 929
685 1037
686 1039
687 1081
688 1028
689 992
690 1012
691 969
692 997
693 954
694 1069
695 1018
696 946
697 1018
698 1006
699 1001
700 990
701 1032
702 1034
703 993
704 934
705 988
706 1045
707 973
708 972
709 1078
710 999
711 984
712 1033
713 976
714 988
715 1041
716 968
717 1024
718 983
719 1018
720 1017
721 1054
722 964
723 1017
724 996
725 1024
726 1033
727 1050
728 1003
729 985
730 1015
731 1009
732 1017
733 1021
734 1046
735 973
736 1042
737 982
738 997
739 1008
740 987
741 997
742 983
743 980
744 982
745 970
746 1047
747 924
748 1036
749 1001
750 957
751 1014
752 961
753 975
754 1009
755 989
756 1043
757 975
758 956
759 1014
760 986
761 1002
762 991
763 1018
764 957
765 965
766 1033
767 980
768 1024
769 1037
770 990
771 942
772 1017
773 1023
774 1032
775 1070
776 1043
777 963
778 1038
779 1036
780 987
781 982
782 960
783 1036
784 983
785 1036
786 995
787 984
788 1033
789 1019
790 1031
791 964
792 923
793 993
794 997
795 991
796 945
797 1003
798 978
799 998
800 1027
801 1038
802 1000
803 1045
804 964
805 951
806 1075
807 985
808 1055
809 987
810 982
811 982
812 1047
813 986
814 983
815 1044
816 1007
817 1021
818 992
819 973
820 1047
821 959
822 1032
823 1019
824 957
825 990
826 995
827 995
828 1036
829 993
830 958
831 1015
832 995
833 1025
834 989
835 968
836 1046
837 984
838 1012
839 993
840 963
841 991
842 995
843 981
844 985
845 973
846 913
847 1036
848 970
849 963
850 1013
851 975
852 1041
853 980
854 1019
855 962
856 981
857 1001
858 995
859 950
860 1042
861 998
862 1023
863 998
864 997
865 972
866 953
867 954
868 980
869 1007
870 1006
871 966
872 984
873 973
874 969
875 1017
876 1030
877 1003
878 989
879 971
880 981
881 980
882 990
883 1057
884 1011
885 954
886 1060
887 999
888 1014
889 1026
890 997
891 1014
892 1036
893 980
894 1016
895 996
896 1046
897 1018
898 989
899 1011
900 991
901 1006
902 1026
903 1018
904 982
905 993
906 1036
907 1003
908 1018
909 1026
910 1021
911 1066
912 1062
913 1010
914 1027
915 1030
916 1038
917 1032
918 964
919 1062
920 1053
921 990
922 1039
923 1021
924 1003
925 998
926 985
927 985
928 965
929 996
930 988
931 1013
932 956
933 943
934 964
935 976
936 963
937 1067
938 978
939 970
940 1002
941 1026
942 959
943 997
944 991
945 1057
946 946
947 1013
948 1023
949 992
950 891
951 1012
952 1009
953 1003
954 1010
955 1032
956 953
957 979
958 1018
959 978
960 1022
961 1011
962 1026
963 1030
964 1022
965 1013
966 1010
967 986
968 1053
969 956
970 1036
971 966
972 1003
973 1016
974 945
975 985
976 1038
977 978
978 1018
979 947
980 1002
981 975
982 934
983 1009
984 983
985 1023
986 998
987 1005
988 1018
989 1006
990 1027
991 989
992 950
993 1038
994 980
995 967
996 1046
997 963
998 945
999 993
